**** Calibrating ****
mono pinhole calibration...
D = [-0.4194185473582557, 0.17163711448729457, 0.00110265012234642, -0.0027284650614260515, 0.0]
K = [625.9571557118584, 0.0, 367.41940488985426, 0.0, 625.9683498075069, 213.48728919237575, 0.0, 0.0, 1.0]
R = [1.0, 0.0, 0.0, 0.0, 1.0, 0.0, 0.0, 0.0, 1.0]
P = [515.5736083984375, 0.0, 359.37384105113597, 0.0, 0.0, 581.86474609375, 209.5189177448483, 0.0, 0.0, 0.0, 1.0, 0.0]
None
# oST version 5.0 parameters


[image]

width
752

height
480

[narrow_stereo]

camera matrix
625.957156 0.000000 367.419405
0.000000 625.968350 213.487289
0.000000 0.000000 1.000000

distortion
-0.419419 0.171637 0.001103 -0.002728 0.000000

rectification
1.000000 0.000000 0.000000
0.000000 1.000000 0.000000
0.000000 0.000000 1.000000

projection
515.573608 0.000000 359.373841 0.000000
0.000000 581.864746 209.518918 0.000000
0.000000 0.000000 1.000000 0.000000

