# oST version 5.0 parameters


[image]

width
752

height
480

[narrow_stereo]

camera matrix
625.957156 0.000000 367.419405
0.000000 625.968350 213.487289
0.000000 0.000000 1.000000

distortion
-0.419419 0.171637 0.001103 -0.002728 0.000000

rectification
1.000000 0.000000 0.000000
0.000000 1.000000 0.000000
0.000000 0.000000 1.000000

projection
515.573608 0.000000 359.373841 0.000000
0.000000 581.864746 209.518918 0.000000
0.000000 0.000000 1.000000 0.000000
